0 bad Z, 0.00048898
 , 0.00193464
 , 0.0649986
 , 0.33886
 , 0.453082
 , 0.141124
 , 0
 , 0
2 bad Z, 0.032222
 , 0.000972005
 , 0.0524308
 , 0.311547
 , 0.450752
 , 0.171442
 , 0.0128576
 , 0
4 bad Z, 0.241686
 , 0.000683904
 , 0.0415192
 , 0.278227
 , 0.450701
 , 0.205723
 , 0.0228613
 , 0.000285263
6 bad Z, 0.451167
 , 0.000490309
 , 0.0321907
 , 0.241453
 , 0.451729
 , 0.241434
 , 0.0322125
 , 0.000490825
8 bad Z, 0.241712
 , 0.000285274
 , 0.0228528
 , 0.205664
 , 0.450698
 , 0.278279
 , 0.0415339
 , 0.000685942
10 bad Z, 0.0322365
 , 0
 , 0.012869
 , 0.171606
 , 0.450722
 , 0.311367
 , 0.0524668
 , 0.000969894
12 bad Z, 0.000488124
 , 0
 , 0
 , 0.140456
 , 0.452682
 , 0.3396
 , 0.0652498
 , 0.00201178
Better or same given Z
0 0.00193464
2 0.0534028
4 0.32043
6 0.725862
8 0.95778
10 0.99903
12 1
Better given Z
2 0.000972005
4 0.0422031
6 0.274134
8 0.679501
10 0.946563
12 0.997988
Better by 4 given Z
4 0.000683904
6 0.032681
8 0.228803
10 0.635196
12 0.932738
Better by 6 given Z
6 0.000490309
8 0.0231381
10 0.184475
12 0.593138
Better or same not given Z 0.67085
Better not given Z 0.329156
